d21	d28	d35	d42	d49	d56	d63	d70
6661051	9.73	19.33	27.62	33.5	36	40.49	41.17	42.43
6661053	6.68	12.46	17.95	19.62	20.75	22.23	23.83	24.59
6661065	9.01	16.95	23.59	26.92	30.12	31.76	32.93	34.4
6661066	8.72	15.73	22.03	26.93	29.76	30.91	31.27	32.63
6661067	9.48	17.67	24.33	28.12	30.61	31.94	32.41	34.7
6661068	8.73	16.56	22.91	27.19	29.68	30.62	31.49	33.03
6661069	9.41	17.98	23.39	25.62	27.32	29.16	29.07	31.06
6661080	12.59	21.42	26.35	28.15	29.49	31.25	32.91	36.32
6661081	12.82	22.01	28.2	30.4	31.72	33.45	33.95	35.39
6661082	12.11	21.84	26.83	29.21	30.56	33.15	34.56	36.44
6661096	9.63	18.28	25.24	28.35	31.01	34.19	36.7	39.21
6661097	10.63	18.62	27.08	34.09	38.56	41.54	43.39	45.43
6661098	10.53	18.85	27.93	34.46	36.6	40.74	43.76	46.91
6661099	10.62	20.35	28.19	31.95	34.54	35.79	37.5	38.15
6661100	9.7	17.07	24.09	27.87	30.88	33.45	35.61	38.72
6661105	8.61	14.03	20.66	24.5	25.6	26.36	27.86	28.11
6661107	7.91	12.29	20.04	24.36	25.6	25.69	26.03	27.28
6661108	7.99	13.88	20.5	25.27	27.18	28.08	29.37	30.65
6661109	8.76	14.45	22.22	27.37	29.87	32.44	34.76	37.74
6661113	7.13	14.36	23.23	30.95	33.03	33.63	36.37	39.47
6661114	9.01	13.14	18.82	23.37	26.85	28.58	30.91	32.25
6661115	8.75	14.29	20.82	26.28	30.34	33.25	36.47	39.47
6661116	5.95	10.42	15.47	20.18	25.04	28.02	31.68	35.9
6661117	8.26	14.09	20.13	25.86	31.12	35.94	40.27	43.29
6661121	9.71	15.43	21.43	26.48	31.54	35.13	34.19	34.78
6661122	10	16.1	20.87	26.89	31.62	34.57	34.72	34.98
6661123	9.19	15.7	21.69	26.9	30.32	33.59	29.99	31
6661124	11.17	18.63	23.51	25.84	27.97	29.56	30.3	32.39
6661125	9.63	17.13	24.86	28.24	32.46	34.68	34.69	37
6661130	8.93	16.11	22.57	24.11	26.37	27.57	28.36	30.16
6661131	9.09	16.48	22.56	23.57	26.25	28.31	29.15	31.26
6661132	9.15	16.39	23.09	25.48	28.14	29.1	29.58	30.82
6661133	8.57	15.05	20.7	23.25	25.95	27.01	28.53	30.9
6661134	8.77	16.15	22.97	24.28	26.27	27.98	29.27	31.03
6661139	10.56	17.07	25.81	29.36	33.92	36.41	39.64	44.46
6661140	10.91	18.78	27.14	32.44	37.77	41.41	43.17	47.44
6661141	11.79	20.33	27.82	32.05	35.5	38.94	41.08	44.14
6661142	10.95	18.54	26.42	29.84	32.72	36.22	39.52	44.8
6661143	10.76	19.68	28.08	32.72	38.37	42.04	44.19	46.22
6661154	8.66	12.85	21.13	26.63	30.9	34.01	36.47	41.33
6661155	9.88	15.87	22.67	26.23	29.33	31.75	34.35	37.39
6661156	10.67	17.99	24.67	27.03	28.07	28.37	30.56	32.03
6661157	9.69	15.51	21.3	24.07	25.08	25.66	27.52	28.35
6661158	8.45	14.76	23.93	29.52	31.48	34.29	35.07	37.96
6661162	6.68	14.97	23.48	31.25	37.21	41.3	45.44	48.32
6661163	9.81	17.3	27.28	35.72	42.01	46.18	48.74	51.64
6661164	11.74	20.91	27.66	31.12	34.45	35.57	36.95	38.6
6661165	10.33	18.92	27.56	36.44	42.88	45.51	49	51.94
6661166	10.64	18.82	27.41	35.04	39.28	41.55	40.41	42.79
6661208	9.95	20.36	27.19	30.73	33.65	35.27	36.88	38.95
6661209	11.52	21.8	29.59	34.28	37.55	39.79	41.49	44.01
6661210	9.41	18.89	26.91	31.87	32.71	34.36	36.51	36.36
6661211	11.24	22.32	26.69	31.28	32.86	34.75	37.04	39.35
6661212	10.09	20.92	26.34	30.72	32.26	35.1	36.64	38.95
6661223	8.27	16.17	25.62	32.25	29.61	38.8	42.69	44.96
6661224	9.18	17.14	23.26	27.35	29.47	29.9	31.88	33.78
6661225	6.55	11.41	18.48	24.21	28.86	30.14	33.55	35.9
6661226	8.37	16.01	22.35	26.59	28.02	30	31.58	33.51
6661227	8.71	16.88	23.75	27.59	36.68	29.12	31.51	32.09
6661232	10.01	20.37	27.9	34.91	41.11	45.1	48.1	50.18
6661233	10.63	18.57	26.44	32.9	37.99	41.6	43.7	46.58
6661234	12.23	23.49	29.32	32.09	33.73	36.06	36.84	39.31
6661240	10.03	17.72	22.5	26.84	28.99	30.85	32.65	34.72
6661241	10.43	18.71	24.29	27.11	29.27	30.62	32.07	33.76
6661242	11.12	20.44	25.07	29.11	30.43	31.96	33.4	35.16
6661243	10.55	18.07	25.28	31.92	36.8	40.98	43.93	46.27
6661244	9.54	18.57	23.98	27.52	29.77	31.14	32.93	34.34
6661249	12.17	21.55	29.65	35.27	40.34	42.85	46.8	49.31
6661250	11.06	19.16	25.8	28.25	30.38	31.89	34.15	34.78
6661251	14.16	20.73	24.49	27.81	30.09	31.97	35	35.04
6661252	10.7	18.35	27.26	34.08	38.86	41.44	45.86	47.45
6661253	11.21	19.93	29.3	35.62	39.9	41.86	43.99	45.47
6661257	13.78	22.02	28.99	31.43	33.73	35.39	37.73	38.36
6661258	12.92	19.21	23.57	26.93	28.93	30.12	31.79	31.99
6661259	11.94	19.3	26.02	28.11	29.75	31.48	33.57	34.26
6661260	12.97	19.94	29.19	34.76	39.33	41.47	44.26	45.37
6661261	11.18	17.05	23.92	26.98	29.65	29.26	30.25	30.73
6661307	7.06	13.36	20.64	26.44	28.2	29.99	31.17	33.43
6661308	7.69	13.59	21.49	26.05	27.79	28.96	30.47	30.68
6661309	8.29	15.41	23.05	26.58	28.72	31.1	32.37	33.29
6661310	8.51	15.9	24.21	27.35	28.4	30.9	31.62	34.02
6661311	7.46	13.73	21.81	25.52	28.37	30.86	31.63	32.86
6661316	9.25	16.49	26.54	31.73	36.92	42.7	47.93	52.18
6661317	10.48	18.14	26.08	28.99	30.76	32.64	34.31	35.62
6661318	9.93	16.52	24.7	28.37	30.87	33.97	36.07	37.15
6661319	9.31	16.59	25.82	29.29	32.58	36.75	41.1	44.32
6661320	11.14	19.95	28.64	30.06	31.4	33.36	35.68	36.55
6661325	9.7	17.23	24.62	27.14	30.59	35.75	39.12	40.11
6661326	11.83	21.14	27.62	30.27	29.53	31.59	32.11	33.72
6661327	9.86	17.52	23.71	25.2	25.04	27.5	30.45	30.77
6661328	11.48	20.58	26.87	28.98	27.64	31.3	33.97	36
6661329	11.32	19.81	26.46	30.14	31.31	37.49	39.32	44.4
6661340	12.78	21.18	27.06	30.03	30.14	30.9	34.76	29.85
6661342	12.46	20.11	22.75	23.51	25.57	26.24	26.55	21.65
6661343	14.98	25	26.42	24.71	26.05	27.8	30.03	24.58
6661368	10.47	18.74	26.05	30.52	33.61	35.85	37.99	40.51
6661370	9.14	15.89	24.48	27.88	30.12	33.13	35.67	38.23
6661371	11.14	18.33	26.67	30.38	32.9	34.46	36.43	39.48
6661372	8.21	14.11	23.88	29.48	32.27	35.81	36.81	39.63
6661377	11.64	21.23	30.52	36	40.62	44.65	45.87	48.51
6661378	12.45	20.76	27.65	30.06	32.38	36.83	38.35	42.67
6661379	13.53	23.43	29.62	33.11	35.06	38.02	39.68	42.54
6661380	13.28	23.85	30.63	34.87	38.39	40.32	41.96	44.28
6661385	11.16	19.8	25.78	28.54	30.38	32.66	33.14	35.82
6661386	8.82	17.83	26.07	29.16	30.39	32.87	32.08	33.95
6661387	9.28	16.84	23.21	25.08	26.9	28.57	29.04	30.24
6661388	6.73	14.18	16.68	20.63	23.36	26.28	26.8	27.59
6661389	7.36	13.86	19.38	22.71	25.42	27.58	27.87	29
6661407	10.41	19.71	26.57	29.69	31.24	32.98	34.5	36.19
6661408	9.03	16.71	22.77	25.94	27.52	29.06	29.39	31.17
6661409	9.88	18.66	25.09	28.53	30.25	32.81	34.56	35.89
6661410	10.1	18.49	24.85	25.84	26.14	27.56	28.57	29.36
6661411	11.96	21.38	28.14	32.71	34.17	35.52	37.16	39.02
6661442	12.23	21.48	27.31	30.41	34.01	36.24	37.4	37.87
6661443	11.7	20.37	25.62	28.22	29.62	31.13	31.45	32.19
6661444	11.97	19.04	25.87	29.54	34.28	38.38	41.39	42.11
6661445	12.84	20.92	28.74	32.65	36.45	39.55	41.79	43.58
6661446	10.9	19.42	24.57	27.23	29.91	32.37	34.67	36.91
6661448	10.84	19.98	25.94	28.73	30.88	32.03	32.81	33.74
6661449	8.94	16.17	24.56	30.42	34.71	37.81	39.62	42.52
6661450	9.38	16.29	23.64	29.26	31.89	34.79	36.54	38.59
6661451	9.7	17.8	25.88	32.7	34.66	37.57	40.11	41.06
6661456	12.3	20.96	26.44	28.39	29.55	30.9	32.2	33.48
6661457	12.18	19.74	26.13	29.15	31.16	31.98	31.83	32.52
6661458	12.91	21.51	27.09	29.63	30.5	32.46	33.13	34.85
6661460	12.06	19.99	27.1	30.78	33.08	34.36	34.3	36.16
6661471	10.44	19.1	29.35	35.92	40.48	42.85	45.08	45.94
6661472	12.13	20.95	27.76	32.07	34.98	37.18	39.75	41.37
6661473	12.54	21.29	27.22	29.98	32.47	36.09	39.04	41.22
6661474	10.74	15.65	23	28.46	30.95	33.06	35.68	36.75
6661475	10.49	17.82	27.39	34.15	36.72	38.62	40.37	42.27
6661484	8.73	17.29	25.13	28.75	31.76	34.22	35.12	37.02
6661485	9.09	17.14	23.29	25.51	28.17	30.29	30.51	31.79
6661486	10.43	19.28	27.31	30.93	33.88	36.94	39.08	42.55
6661487	8.8	15.19	21.09	23.72	25.7	27.59	27.65	29.26
6661488	10.88	21.5	30.36	33.36	36.17	40.82	43.06	45.75
6661493	10.13	17.63	25.75	31.16	36.47	38.79	42.1	44.33
6661494	10.87	18.67	26.63	28.76	32.07	35.86	37.59	39.93
6661495	10.96	17.46	24.52	29.31	34.37	37.84	40.51	42.66
6661496	11.71	19.29	27.95	32.85	37.81	40.71	43.36	45.8
6661497	10	17.83	27.12	33.36	38.91	43.11	45.77	48.52
6661507	10.35	18.35	23.69	25.22	26.52	27.1	28.93	29.53
6661524	6.9	15.51	24.96	32.5	36.38	39.88	42.05	43.81
6661525	9.37	17.29	25.06	29.94	32.36	34.5	36.22	38.45
6661526	8.51	17.15	23.67	26	26.92	28.46	29.59	30.64
6661528	7.75	14.96	24.85	31.61	35.66	38.22	40.47	42.89
6661533	15.56	25.86	32.72	37.88	41.54	44.18	45.07	46.46
6661534	14.82	25.29	35.61	41.27	46.25	50.76	53.61	54.7
6661535	15.65	25.73	31.64	35.33	37.72	39.88	42.47	45.69
6661536	15.38	24.91	30.05	33.16	34.57	35.14	36.76	38.22
6661545	11.11	20.63	30.55	38.81	44.43	48.42	50.8	53.38
6661546	11.84	22.17	30.41	33.66	36.07	38.74	42.27	43.94
6661547	10.37	19.22	30.65	36.82	41.63	46.1	48.3	50.7
6661548	11	20.11	28.67	32.05	33.55	35.7	36.67	38.68
6661553	9.41	17.79	29.28	36.08	40.42	44.06	45.78	48.17
6661554	8.96	17.45	25.02	29.29	30.47	31.39	32.98	32.63
6661555	8.7	18.44	28.64	35.9	41.12	44.43	46.9	49.01
6661556	8.41	17.76	28.62	34.87	39.53	43.49	45.68	48.74
6661561	7.6	15.3	22.82	25.98	27.14	27.59	28.87	29.72
6661562	6.9	15.73	24.12	27.35	29.3	30.55	31.89	32.96
6661563	6.43	13.24	22.03	27.63	29.93	31.68	33.28	34.1
6661564	8.53	16.27	24.82	29.91	32.07	33.67	35.74	39.34
6661565	8.51	15.93	23.79	27.43	29.05	30.18	31.55	32.27
6661570	10.66	20.43	27.27	30.02	30.34	32.52	32.56	32.91
6661571	12.18	19.69	26.11	29.91	31.53	35	36.83	38.87
6661572	9.77	17.52	26.36	32.9	37.69	42.45	44.46	46.78
6661573	11.67	21.2	29.45	34	36.66	39.93	41.91	43.18
6661574	10.28	18.06	27.1	32.11	33.78	36.52	38.42	38.92
6661598	8.51	18.05	27.38	31.21	34.78	37.44	39.89	42.61
6661599	6.65	14.65	23.22	30.52	35.56	38.78	41.07	43.53
6661600	6.8	15.13	23.7	28.39	32.63	33.99	37.67	39.39
6661601	7.15	14.82	19.97	25.06	29.06	34.35	37.87	40.09
6661602	8.14	17.02	24.72	27.36	29.15	30.2	31.89	33.03
6661638	9.95	20.06	32.01	37.94	42.45	45.08	47.43	47.43
6661639	10.15	19.31	28.79	33.85	34.76	34.79	37.18	37.62
6661640	10.97	19.96	28.63	33.06	35.82	39.1	41.98	43.94
6661641	10.66	19.5	29.13	35.64	39.84	42.11	46.4	48.2
6661655	10.3	18.15	24.98	27.37	30.68	34.72	37.92	43
6661656	10.92	18.26	24.3	28.39	33.33	37.21	39.91	44.62
6661657	12.85	22.11	27.62	29.34	34.12	38.42	40.59	44.97
6661658	11.97	20.45	26.74	29.47	31.14	32.72	35.19	39.98
6661674	12.46	21.52	26.27	29.25	31.26	32.35	35.64	37.74
6661675	12.46	21.45	30.45	35.81	39.43	43.19	46.72	49.71
6661676	12.48	21.14	28.16	31.33	33.53	35.03	36.19	38.66
6661677	11.68	20.35	24.73	26.75	28.87	29.8	31.62	32.05
6661678	11.45	19.75	25.29	28.27	30.42	31.13	33.76	34.06
6661683	12.33	22.87	32.84	38.91	41.58	45.14	47.76	52.3
6661684	11.87	20.66	28.2	31.59	34.02	36.56	39.07	43.18
6661685	8.86	16.28	23.51	27.31	28.63	30.34	30.96	33.22
6661686	10.42	20.88	30.94	36.15	37.39	37.79	40.38	46.45
6661687	11.72	23.01	31.52	34.89	35.07	36.6	38.25	42.62
6661705	9.45	16.73	25.25	31.02	34.91	38.02	40.38	44.04
6661706	11.74	21.13	26.86	31.74	35.04	38.82	40.61	43.72
6661707	11.44	19.12	26.22	29.16	32	34.1	34.17	37.66
6661708	12.34	20	27.74	31.31	33.87	36.78	37.35	41.04
6661731	8.8	17.82	27.4	31.94	34.45	35.18	40	43.8
6661732	10.22	19.18	26.16	28.72	30	30.7	32.5	31.57
6661733	9.86	17.85	24.09	26.3	28.34	29.95	31.74	32.74
6661734	8.87	19.08	27.89	31.05	32.85	35.67	39.73	41.97
6661745	12.09	22.54	29.09	32.67	34.42	37.23	39.4	42.71
6661746	10.98	20.78	29.28	36.06	37.96	42.97	46.5	47.02
6661747	9.79	20.16	30.69	35.3	37.87	41.73	46.86	49.33
6661748	9.37	19.31	28.57	32.29	34.76	39.19	43.95	46.07
6661749	11.66	19.92	25.86	28.65	29.78	31.83	34.32	34.73
6661754	8.24	13.36	21.81	26.68	30.08	30.21	32.49	37.71
6661755	9.3	15.11	22.11	27.66	32.24	30.73	31.07	34.3
6661756	7.62	15.14	24.06	26.84	31.11	32.38	37.1	40.18
6661757	9.88	18.5	27.2	32.06	35.38	33.96	38.15	43.62
6661758	9.3	16.45	23.84	29.11	32.56	32.41	30.52	32.72
6661798	10.47	19.03	26.45	28.62	29.94	31.68	33.21	34.61
6661799	9.61	18.01	26.91	34.66	40.18	43.95	46.22	49.23
6661800	11.01	20.03	27.3	30.96	34.06	36.62	37.24	39.55
6661801	9.37	17.88	27.82	35.04	39.2	40.71	42.37	45.83
6661814	9.54	18.08	25.39	28.33	30.11	31.96	34.49	33.25
6661815	7.83	17	25.33	29.89	33.16	35.25	37.31	39.82
6661816	7.01	15.04	23.14	29.72	35.43	40.45	42.23	46.59
6661817	9.28	17.47	25.7	32.33	35.4	35.22	35.86	35.89
6661818	8.67	16.13	23.01	27.7	30.4	32.96	32.61	38.71
6661823	9.6	17.22	24.63	27.8	29.43	31	32.2	34
6661824	10.7	19.81	27.38	30.62	32.4	34.67	36.86	39.47
6661825	9.66	17.46	23.9	27.14	28.54	29.08	31.24	32.83
6661826	11.27	19.3	25.6	28.84	30.06	31.23	32.44	33.41
6661827	10.23	20.06	26.8	29.51	30.97	33.8	37.83	40.73
6661832	12.25	20.92	26.88	29.41	32.38	33.56	34.47	35.35
6661833	11.19	20.63	26.98	30.08	32.41	32.6	34.96	35.47
6661834	12.18	18.82	24.48	26.82	29.12	29.73	32.31	33.68
6661835	11.01	18.06	24.02	25.12	27.85	28.37	31.02	31.87
6661836	11.17	19.7	25.93	27.55	29.83	29.72	31.36	32.59
6661870	13.24	20.68	25.74	28.47	31.25	32.55	35.26	37.5
6661871	12.37	21.39	28.36	33	38.67	41.45	43.81	45.48
6661872	11.66	19.99	27.77	33.44	38.02	40.15	42.18	44.68
6661873	11.67	19.79	28.74	34.53	40.43	44.69	46.9	49.04
6661882	9.68	18.45	26.39	31.19	32.62	34.64	36.15	38.21
6661883	9.99	19.49	26.13	29	30.34	32.15	32.55	34.92
6661884	9.62	17.81	23.93	27.14	28.18	31.03	32.11	33.42
6661885	9.53	18.4	25.3	28.6	30.99	33.48	34.31	36.59
6661886	9.31	17.63	26.52	30.93	33.45	36.4	37.94	40.04
6661906	12.23	23.1	29.73	33.48	37.07	40.17	41.61	43
6661907	12.27	22.41	29.28	32.47	34.2	36.89	39.71	41.11
6661908	12.19	21.78	27.01	29.95	32.4	34.94	37.77	38.94
6661909	10.41	19.86	26.91	31.3	33.26	34.47	35.6	37.59
6661910	10.73	22.02	33.36	40.83	47.36	52.48	55.14	55.94
6661924	9.52	19.23	28.3	31.48	34.7	37.79	39.62	41.69
6661925	9.17	18.11	28.84	35.59	41.35	44.84	48.35	50.67
6661926	9.6	18.38	28.25	35.16	42.48	47.66	51.36	53.88
6661927	9.58	19.06	28.3	32.28	35.39	38.28	41.44	43.7
6661928	9.32	19.39	31.37	37.8	44.79	48.52	52.44	54.89
6661939	9.5	19.49	27.31	35.2	37.7	40.78	42.56	45.41
6661940	9.07	18.17	24.99	30.32	33.81	36.98	40.01	42.3
6661941	8.95	18.02	25.89	32.16	37.28	41	42.26	43.28
6661942	8.89	19.04	25.62	29.68	33.42	37.89	40.16	43.45
6661943	10.31	20.07	25.94	28.35	29.75	29.77	34.41	36.99
6661948	12.41	21.13	29.16	31.05	32.01	33.23	34.6	35.03
6661949	9.06	18.25	28.68	36.58	43.21	47.43	50.63	52.47
6661950	10.61	20.05	27.09	29.66	32.47	36.92	39.27	40.69
6661951	10.28	18.45	24.96	28.08	32.08	33.81	35.99	37.45
6661952	9.41	18.42	28.91	37.29	42.29	45.64	47.56	49.68
6661957	8.66	17.99	24.86	26.84	30.3	31.61	33.93	37.64
6661958	9.54	20.11	26.92	29.39	32.83	36.23	40.46	43.65
6661959	9.57	19.16	26.86	29.74	32.16	35.17	39.02	43.62
6661960	9.1	17.16	23.95	27.76	28.68	30.13	31.83	32.78
6661966	10.39	18.94	25.77	30.87	32.74	34.89	36.2	37.28
6661967	9.76	18.94	26.15	33.02	37.87	41.25	43.42	45.48
6661968	9.56	19.06	27.78	33.87	37.32	41.43	43.83	45.57
6661969	9	17.45	26.88	33.27	37.48	40.78	42.47	44.24
6661987	11.17	19.22	25.79	27.41	29.44	31.53	32.64	35.08
6661988	11.14	20.68	27.48	29.86	32.44	35.47	36.31	38.64
6661989	11.93	19.28	25.38	29.18	31.07	32.28	33.94	36.33
6661990	14.41	18.86	29.37	39.59	47.45	53.8	57.4	61.21
6662007	11.15	18.45	22.65	24.81	27.46	28.53	29.6	30.91
6662008	11.71	20.17	23.89	25.52	26.03	27.55	30.03	28.17
6662009	10.46	17.84	21.65	22.99	24.45	26.05	27.23	29.44
6662010	9.99	19	22.3	24.52	25.26	26.5	27.87	29.63
6662015	10.75	22.14	33.9	42.05	47.61	53.01	56.25	59.68
6662016	11.51	20.9	28.53	31.34	33.3	36.13	38.68	40.41
6662017	12.55	21.32	28.53	32.45	35.02	38.45	41.81	45.1
6662018	11.91	21.69	32.12	40.03	44.09	49.02	49.62	52.96
6662019	11.4	21.29	31.22	39.9	45.34	49.89	52.45	56.56
6662030	9.75	17.1	24.51	30.16	33.71	35.83	37.82	41.68
6662031	7.96	16.28	23.82	28.19	30.46	33.71	35.13	37.53
6662032	7.24	14.15	23.98	32.43	37.88	42.09	44.9	47.55
6662033	8.06	16.07	23.98	28.19	31.21	34.33	36.23	38.98
6662034	7.7	16.6	27.19	34.63	36.82	38.37	40.04	43.99
6662045	11.61	19.48	27.98	30.89	33.58	36.68	38.83	42.01
6662046	12.25	22.19	29.46	32.25	34.59	35.66	37.54	40.14
6662047	11.47	21.79	29.25	33.18	34.99	36.18	38.16	41.81
6662048	11.53	20.2	26.48	29.66	31.64	32.58	34.32	35.96
6662063	10.12	20.04	27.69	31.94	35.35	39.03	42.07	45.32
6662064	10.51	18.21	24.3	28.19	30.93	33.14	34.98	38.37
6662065	12.04	21.91	27.68	30.84	31.82	32.82	34.18	36.39
6662066	11.42	20.63	30.42	36.72	41.96	45.96	48.68	51.33
6662071	12.28	21.56	27.84	29.79	31.67	34.05	35.61	38.68
6662072	11.16	19.39	27.04	31.48	33.94	38.05	39.56	43.15
6662073	12.21	23.04	32.68	38.39	42.1	44.95	47.51	49.89
6662074	12.57	22.72	30.81	35.83	40.33	44.65	48.37	49.93
6662075	12.81	21.7	28.44	32.18	35.45	38.14	40.63	43.68
6662103	11.47	19.27	25.64	30.67	33.04	34.81	37.99	39.24
6662104	10.81	19.21	29.14	35.51	39.51	43.27	46.44	48.57
6662105	11.66	20.34	27.85	30.63	32.97	35.85	37.45	37.69
6662106	10.96	20.31	32.84	40.33	45.72	50.83	54	56.03
6662141	8	16.93	24.73	29.24	31.94	34.66	36.44	39.1
6662142	10.62	19.68	27.55	31.57	33.86	36.49	36.91	38.54
6662143	6.61	14.27	22.18	26.53	29.27	31.15	32.67	34.48
6662144	9.32	16.98	23.36	27.87	30.97	32.98	33.84	35.21
6662157	6.93	12.9	21.74	29.01	33.97	38.61	41.15	44.17
6662158	8.31	16.74	24.96	31.28	37.23	41.67	44.13	47.63
6662171	13.8	23.92	29.3	32.23	33.93	35.9	37.04	38.05
6662172	11.33	20.75	30.72	36.82	41.31	45.01	47.6	48.99
6662173	13.85	22.03	27.03	29.47	31.41	32.5	35.42	38.01
6662174	14.79	24.64	30.62	34.35	36.95	40.43	43.34	44.63
6662175	13.99	25.31	31.71	36.84	40.22	42.79	46.35	47.46
6662199	6.88	14.49	23.46	30.88	36.22	41.43	42.18	43.84
6662200	10.77	17.54	23.06	25.35	26.82	27.95	28.38	29.48
6662201	10.73	18.88	25.12	29.08	30.52	34.2	35.25	37.97
6662202	9.75	17.23	25.66	30.54	34.15	38.69	40.09	42.39
6662203	9.23	16.27	23.36	27.74	31.8	36.23	36.49	39.26
6662242	13.06	23.61	33.73	40.87	46.71	50.59	53.36	54.49
6662243	13.27	22.29	28.47	30.02	33.01	34.5	37.28	37.88
6662244	8.99	16.34	23.52	26.67	28.26	30.78	33.24	37.52
6662245	12.85	21.59	28.36	34.08	37.36	41.21	43.37	45.26
6662246	12.99	20.96	26.4	29.63	31.23	32.11	33.77	34.06
6662260	12.79	21.03	28.33	32.08	36.88	40.71	44.22	47.64
6662261	12.71	21.39	29.33	32.15	37.69	41	43.75	47.44
6662262	11.82	20.32	28.26	32.95	35.61	38.49	40.92	43.07
6662263	10.92	18.68	25.06	30.09	34.6	38.31	41.17	43.27
6662271	13.09	21.26	27.73	31.66	32.54	35.07	37.34	40.72
6662272	12.38	19.08	24.13	26.61	27.64	29.61	30.94	33.08
6662273	10.95	16.75	22.37	25.57	27.39	30.13	32.14	35.43
6662274	12.47	17.58	26.88	28.84	29.94	31.69	33.94	37.88
6662275	9.86	21.26	24.09	28.35	32.31	36.36	39.29	42.47
6662289	10.12	18.95	29.09	36.02	41.63	46.46	49.54	52.11
6662290	10.38	19.21	27.39	35.11	41.02	44.37	47.97	49.97
6662291	10.77	20.5	25.74	28.13	29.77	31.41	31.84	32.81
6662292	13.21	24.06	29.36	34.1	34.67	36.59	37.05	36.03
6662293	10.26	18.94	30.49	38.92	44.79	50.16	52.89	55.02
6662444	9.79	17.44	23.44	23.75	24.68	27.16	30.99	33.64
6662445	12	20.11	27.15	30.61	32.5	33.86	35.37	37.51
6662446	11.82	19.87	26.23	30.14	33.62	35.67	37.5	39.43
6662447	8.85	16.75	24.14	28.66	31.55	33.96	36.55	41.04
6662487	12.08	20.25	30.39	34.72	36.52	39.86	41.89	44.67
6662488	11.65	19.61	29.2	35.85	40.34	44.41	46.64	48.39
6662489	12.13	19.97	27.31	32.09	34.3	37.37	39.47	41.73
6662490	12.06	18.11	24.11	27.14	27.06	28.36	31.23	34.18
6662491	12.5	21.07	27.55	30.6	33.18	36.24	37.73	41.38
